4294967294,0
4294967279,52
4294967279,262
4294967279,261
4294967279,51
4294967279,49
4294967279,48
4294967279,275
4294967279,544
4294967279,257
4294967279,256
4294967279,46
4294967279,44
4294967279,43
4294967279,255
4294967279,281
4294967279,253
4294967278,258
4294967278,257
4294967279,42
4294967279,40
4294967279,38
4294967279,35
4294967279,34
4294967279,33
4294967279,32
4294967279,31
4294967279,30
4294967279,29
4294967279,27
4294967279,24
4294967279,23
4294967279,22
4294967279,21
4294967279,17
4294967279,15
4294967279,14
4294967279,13
4294967279,12
4294967279,11
4294967279,10
4294967278,329
4294967278,354
4294967278,373
59,7
59,0
59,6
4294967278,372
4294967278,371
4294967278,326
4294967278,254
4294967278,370
4294967278,253
4294967278,250
4294967278,248
4294967278,246
4294967278,244
4294967278,242
4294967278,240
4294967278,238
4294967278,237
4294967278,236
4294967279,566
4294967279,539
4294967279,0
4294967278,235
4294967278,232
4294967278,231
4294967294,6
4294967278,228
4294967278,226
4294967278,224
4294967278,222
4294967278,220
4294967294,43
4294967294,50
4294967294,180
4294967294,179
4294967294,470
4294967294,1048
4294967294,27
4294967294,93
4294967294,95
4294967278,218
4294967294,189
4294967294,191
4294967294,188
4294967294,201
4294967294,30
4294967294,160
4294967294,164
4294967294,163
4294967294,1
4294967294,46
4294967294,5
4294967294,42
4294967294,99
4294967294,36
4294967294,115
4294967294,386
4294967294,387
4294967294,51
4294967294,52
4294967294,165
4294967294,113
4294967294,168
4294967294,167
4294967294,162
4294967294,104
4294967294,106
4294967294,166
4294967294,24
4294967294,175
4294967294,183
4294967294,176
4294967294,173
4294967294,1413
4294967294,1414
4294967294,92
4294967294,11
4294967294,18
4294967294,127
4294967294,14
4294967294,126
4294967294,20
4294967294,13
4294967294,12
4294967278,132
4294967278,131
4294967278,130
4294967278,129
4294967278,128
4294967278,127
4294967278,126
4294967278,125
4294967278,124
4294967278,123
4294967278,122
4294967278,121
4294967278,120
4294967278,119
4294967278,118
4294967278,117
4294967278,116
4294967278,115
4294967278,114
4294967278,113
4294967278,112
4294967278,111
4294967278,110
4294967278,109
4294967278,108
4294967278,107
4294967278,106
4294967278,105
4294967278,104
4294967278,102
4294967278,101
4294967278,352
4294967278,100
4294967278,351
4294967278,99
4294967278,98
4294967278,97
4294967278,96
4294967278,95
4294967278,94
4294967278,93
4294967278,368
4294967278,92
4294967278,91
4294967278,90
4294967278,89
4294967278,87
4294967278,86
4294967278,85
4294967278,366
4294967278,84
4294967278,83
4294967278,82
4294967278,317
4294967278,81
4294967278,316
4294967278,80
4294967278,79
4294967278,78
4294967278,77
4294967278,76
4294967278,344
4294967278,75
4294967278,74
4294967278,73
4294967278,315
4294967278,72
4294967278,71
4294967278,70
4294967278,69
4294967278,68
4294967278,309
4294967278,67
4294967278,308
4294967278,66
4294967278,65
4294967278,64
4294967278,63
4294967278,62
4294967278,0
4294967278,348
4294967279,552
4294967279,68
4294967279,67
4294967279,298
4294967279,65
4294967279,64
4294967279,62
4294967279,525
4294967279,294
4294967279,56
4294967279,54
4294967279,50
4294967279,47
4294967279,547
4294967279,45
4294967279,523
4294967279,41
4294967279,39
4294967279,517
4294967279,37
4294967279,36
4294967279,288
4294967279,546
4294967279,28
4294967279,26
4294967279,25
4294967279,20
4294967279,19
4294967279,18
4294967279,16
4294967279,9
4294967279,8
4294967279,7
4294967279,6
4294967279,5
4294967279,4
4294967294,81
4294967294,68
4294967294,88
4294967278,103
4294967278,217
4294967294,7
4294967294,17
4294967294,39
4294967294,67
4294967294,76
4294967294,41
4294967294,416
4294967294,25
4294967294,26
4294967294,82
4294967294,83
0,5
4294967278,382
4294967294,1418
4294967294,1421
4294967294,1420
4294967278,381
59,5
59,4
59,3
59,2
59,1
57,4
57,3
57,2
57,1
4294967294,1419
4294967278,380
56,6
4294967294,471
56,5
56,4
56,3
56,2
56,1
4294967294,436
4294967279,565
4294967278,379
55,5
55,4
55,3
55,2
55,1
54,5
54,4
54,3
54,2
54,1
53,5
53,4
53,3
53,2
53,1
4294967279,564
4294967278,378
51,4
51,3
51,2
51,1
4294967278,377
4294967278,376
4294967278,375
4294967278,374
